
















004865
00,0000
007265
00,0000
002069
00,0000
007320
00,0000
007468
00,0000
006520
00,0000
005552
00,0000
004c20
00,0000
00796f
00,0000



00


75



20





006172,0000
00




006520,0000
00





00


6c



6f





006f6b,0000
00




00696e,0000
00





00


67



20





00666f,0000
00




00723a,0000
00





00


20



2f





00552c,0000
00




007268,0000
00











00






62




6a





006161,0000
00




004365,0000
00







00



44




73





006556,0000
00




005251,0000
00





00



7a




45





004f2e,0000
00




005973,0000
00






00



67




58





005874,0000
00




006f47,0000
00






00



4b




70





007655,0000
00




00456b,0000
00





00


5a



58





00616f,0000
00




007875,0000
00





00


72



68





006459,0000
00




006e49,0000
00


006c70
00,0000
004a69
00,0000
004773
00,0000
007a5a
00,0000
007755
00,0000
006b74
00,0000
005657
00,0000
005453
00,0000
002c44
00,0000



00


61



62





005141,0000
00




006876,0000
00





00


62



45





004451,0000
00




00614e,0000
00





00


4c



5f





004468,0000
00




007371,0000
00





00


2e



70





00706f,0000
00




007357,0000
00







00




6b




47





002d44,0000
00




007451,0000
00






00



64




49





005658,0000
00




004e45,0000
00





00



57




64





002e4b,0000
00




006274,0000
00






00



59




58





007643,0000
00




00656b,0000
00





00



5f




67





004a75,0000
00




007a49,0000
00





00


72



44





00744d,0000
00




004866,0000
00





00


49



54





00464c,0000
00




002f66,0000
00


006c61
00,0000
00672e
00,0000
00706e
00,0000
006700
00,0000
000000
00,0000
000000
00,0000
000000
00,0000
000000
00,0000
000000
00,0000



00


00



00





000000,0000
00




000000,0000
00





00


00



00





000000,0000
00




000000,0000
00





00


00



00





000000,0000
00




000000,0000
00





00


00



00





000000,0000
00




000000,0000
00










00



00




00





000000,0000
00




000000,0000
00








00



00




00





000000,0000
00




000000,0000
00





00



00




00





000000,0000
00




000000,0000
00





00



00




00





000000,0000
00




000000,0000
00





00



00




00





000000,0000
00




000000,0000
00





00


00



00





000000,0000
00




000000,0000
00





00


00



00





000000,0000
00




000000,0000
00






